pos =

     4
     5
     7
     8
     9
    10
    13
    14
    16
    17
    19
    20
    22
    25
    26
    27
    31
    32
    34
    38
    41
    43
    47
    48
    49
    50
    51
    52
    53
    57
    59
    60
    61
    67
    69
    70
    72
    73
    74
    75
    76
    77
    78
    81
    82
    83
    84
    85
    86
    88
    89
    91
    92
    94
    95
    96
    97
    98
    99
   100

