mu =

   1.0332e+02  -1.7021e-01
  -4.0068e+02  -1.7021e-01
   3.9932e+02  -1.7021e-01
  -5.8468e+02  -1.1702e+00
   9.9932e+02   8.2979e-01
  -1.5681e+01   8.2979e-01
  -4.6668e+02  -1.7021e-01
  -5.7368e+02  -1.7021e-01
  -6.2068e+02  -1.7021e-01
  -5.0668e+02  -1.7021e-01
  -6.0681e+01   8.2979e-01
  -6.8085e-01  -1.7021e-01
  -1.1068e+02  -1.7021e-01
   2.4773e+03   1.8298e+00
  -7.3268e+02  -1.7021e-01
   2.9932e+02   8.2979e-01
  -6.8068e+02  -1.1702e+00
  -7.6468e+02  -1.7021e-01
   6.0832e+02   8.2979e-01
   1.0303e+03   8.2979e-01
  -2.3368e+02  -1.7021e-01
  -1.1268e+02  -1.1702e+00
  -3.9668e+02  -1.7021e-01
  -3.8681e+01   8.2979e-01
   1.8893e+03  -1.7021e-01
  -9.0068e+02  -1.7021e-01
  -5.4268e+02  -1.7021e-01
   5.2532e+02  -1.7021e-01
   1.9932e+02  -1.7021e-01
   6.3632e+02  -1.7021e-01
  -1.6168e+02  -1.1702e+00
  -1.0007e+03  -2.1702e+00
   3.9319e+01   8.2979e-01
   1.1363e+03  -1.7021e-01
  -1.8968e+02   8.2979e-01
  -5.6368e+02  -1.7021e-01
  -7.6168e+02  -1.7021e-01
   1.3132e+02   8.2979e-01
   2.2143e+03   8.2979e-01
   1.6132e+02   8.2979e-01
  -3.3668e+02  -1.1702e+00
   2.3732e+02  -1.7021e-01
   5.6632e+02   8.2979e-01
  -8.0068e+02  -1.7021e-01
  -1.1487e+03  -1.1702e+00
  -1.4868e+02   8.2979e-01
  -7.9768e+02  -1.7021e-01

sigma =

   2.6475   3.9423
   2.0133   3.9423
   3.0200   3.9423
   1.7818   2.6282
   3.7750   5.2564
   2.4978   5.2564
   1.9303   3.9423
   1.7956   3.9423
   1.7365   3.9423
   1.8799   3.9423
   2.4412   5.2564
   2.5167   3.9423
   2.3782   3.9423
   5.6348   6.5705
   1.5956   3.9423
   2.8942   5.2564
   1.6610   2.6282
   1.5553   3.9423
   3.2830   5.2564
   3.8140   5.2564
   2.2235   3.9423
   2.3757   2.6282
   2.0184   3.9423
   2.4688   5.2564
   4.8949   3.9423
   1.3842   3.9423
   1.8346   3.9423
   3.1785   3.9423
   2.7683   3.9423
   3.3182   3.9423
   2.3141   2.6282
   1.2583   1.3141
   2.5670   5.2564
   3.9474   3.9423
   2.2788   5.2564
   1.8082   3.9423
   1.5591   3.9423
   2.6828   5.2564
   5.3039   5.2564
   2.7205   5.2564
   2.0939   2.6282
   2.8161   3.9423
   3.2301   5.2564
   1.5100   3.9423
   1.0721   2.6282
   2.3304   5.2564
   1.5138   3.9423

X_norm =

   7.5568e+02   8.0416e-01
   9.9372e+02   8.0416e-01
   6.6248e+02   8.0416e-01
   1.1228e+03   1.2062e+00
   5.2998e+02   6.0312e-01
   8.0098e+02   6.0312e-01
   1.0365e+03   8.0416e-01
   1.1142e+03   8.0416e-01
   1.1521e+03   8.0416e-01
   1.0642e+03   8.0416e-01
   8.1956e+02   6.0312e-01
   7.9497e+02   8.0416e-01
   8.4124e+02   8.0416e-01
   3.5506e+02   4.8249e-01
   1.2539e+03   8.0416e-01
   6.9128e+02   6.0312e-01
   1.2045e+03   1.2062e+00
   1.2864e+03   8.0416e-01
   6.0941e+02   6.0312e-01
   5.2456e+02   6.0312e-01
   8.9980e+02   8.0416e-01
   8.4213e+02   1.2062e+00
   9.9124e+02   8.0416e-01
   8.1037e+02   6.0312e-01
   4.0873e+02   8.0416e-01
   1.4454e+03   8.0416e-01
   1.0905e+03   8.0416e-01
   6.2943e+02   8.0416e-01
   7.2270e+02   8.0416e-01
   6.0294e+02   8.0416e-01
   8.6457e+02   1.2062e+00
   1.5899e+03   2.4125e+00
   7.7939e+02   6.0312e-01
   5.0684e+02   8.0416e-01
   8.7794e+02   6.0312e-01
   1.1064e+03   8.0416e-01
   1.2832e+03   8.0416e-01
   7.4575e+02   6.0312e-01
   3.7721e+02   6.0312e-01
   7.3541e+02   6.0312e-01
   9.5550e+02   1.2062e+00
   7.1043e+02   8.0416e-01
   6.1938e+02   6.0312e-01
   1.3250e+03   8.0416e-01
   1.8661e+03   1.2062e+00
   8.5850e+02   6.0312e-01
   1.3217e+03   8.0416e-01

